# Prime-perfect numbers: n with rad(n) = rad(sigma(n)), n <= 10^13.
# 1212 terms, including n = 1.
# Pollack and Pomerance (INTEGERS 12A, 2012) report 198 up to 10^9;
# this list has 198 up to 10^9.
1
6
28
120
270
496
672
1080
1638
1782
3780
8128
18600
20580
24948
26208
30240
32640
32760
35640
41850
44226
55860
66960
164640
167400
185220
199584
273000
293760
401310
441936
446880
502740
523776
614250
707616
802620
819000
884520
1063300
1089270
1097280
1228500
1481760
1605240
2178540
2457000
2795520
3344250
4021920
4357080
4687200
5059200
5077800
5524200
5752422
6112260
6276690
6420960
6688500
7242048
8386560
8658300
8910720
9077250
9694080
9828000
10032750
10835370
11715000
12553380
13035330
13377000
14141952
16275000
16590420
17428320
18154500
20065500
21670740
22113000
23529870
23569920
25106760
25159680
25519200
26070660
26358750
26958036
27231750
29410290
30098250
31441920
33550336
36309000
36618750
40131000
43341480
45532800
46019376
47059740
48898080
52141320
53508000
54463500
58820580
60196500
62203050
69266400
69888000
73237500
74256000
77924700
80533908
81081000
81695250
91247310
94119480
99524880
100427040
105435000
108927000
115048440
117641160
117849600
120393000
132723360
136980480
137100600
142990848
145236000
146475000
152334000
160524000
163390500
168836850
173365920
182494620
196082250
199368750
208565280
209664000
215664288
222768000
226437120
229672800
240589440
248812200
270138960
270884250
273555840
282977280
292950000
307557810
316305000
326781000
337673700
364989240
369022500
371804160
376477920
392164500
398737500
407741202
410941440
433305600
435708000
436625280
470564640
481572000
525681702
541143750
541768500
575242200
585900000
588246750
615115620
623397600
628992000
634725000
635306490
638731170
644271264
668304000
675347400
735257250
784329000
797475000
818852166
829374000
830269440
834799770
947400300
958737000
972886950
993242250
995248800
1051363404
1082287500
1083537000
1087207758
1115412480
1152963630
1176493500
1185125760
1213111620
1230231240
1232824320
1270612980
1277462340
1299916800
1307124000
1350694800
1379454720
1381161600
1459956960
1470514500
1476304896
1502582400
1505911680
1556619120
1594950000
1630923840
1669599540
1679482350
1764740250
1794318750
1945773900
1986484500
2009122500
2020476150
2039924250
2157158250
2164575000
2174415516
2251158000
2305927260
2352987000
2462002560
2488122000
2496312000
2541225960
2554924680
2561930826
2571515100
2687171760
2695943250
2701389600
2876211000
2941029000
2952180000
3129472710
3137316000
3186480000
3189900000
3198195000
3232761840
3261929616
3339199080
3346237440
3424512000
3529480500
3588637500
3638544000
3647129850
3831421440
3860752896
3865990656
3891547800
3899750400
3972969000
4079848500
4236482250
4284761250
4329150000
4334148000
4426793280
4426800000
4529295360
4558594950
4611854520
4833675000
4870293750
4873497600
4920924960
5123861652
5391886500
5453332500
5660928000
5708376828
5835407760
6014736000
6258945420
6290850258
6536970000
6550817328
6717929400
6753474000
6829038720
7058961000
7177275000
7293751920
7294259700
7464366000
7579202400
7685792478
7775381250
7783095600
8006536692
8031528960
8081904600
8154824040
8159697000
8410907232
8472964500
8569522500
8583644160
8589869056
8628633000
8658300000
8697662064
8870921808
9062670540
9117189900
9295104000
9338250240
9411948000
9608030250
9656183040
9704892960
9740587500
9876048000
10164903840
10219698720
10273536000
10513634040
10783773000
10915632000
11095418880
11463930324
11764116000
11788882560
12415092480
12517890840
12549264000
12581700516
13116808320
13356796320
13591032000
14143333050
14182439040
14193405954
14354550000
14588519400
15371584956
15550762500
15566191200
15882662250
15891876000
16072980000
16198820352
16377043320
16821814464
16945929000
17137575000
17139045000
17257266000
17395324128
18082102500
18234379800
18447418080
19157107200
19216060500
19481175000
19730807460
20260422000
20572120800
20756736000
21104606250
21231974400
21744155160
22054032000
22629332880
23377843008
23724663690
24094586880
25508468160
26078939250
26819950080
26871717600
27885312000
28235844000
28286666100
28386811908
28678320000
28709100000
28824090750
29177038800
29628144000
29655375750
29893349376
29993328750
30116136960
30200215500
30820608000
31101525000
31130018010
31293175680
31765324500
31998395520
32327618400
32638788000
32746896000
34482792960
35032757760
35097753600
36468759600
36889944000
37291363200
37647792000
38432121000
38562851250
38962350000
39177888750
39841200000
39860232192
40659615360
40683202560
40773096000
40774120200
40990893216
42209212500
42401155200
43135092000
43626660000
43861478400
44034943680
44035951806
45667014624
47449327380
47671460550
48628398000
49079992500
49844687970
50071563360
51238616520
52157878500
52975581120
53555048820
53621568000
53798734080
54163200000
54246307500
56573332200
57629644800
57648181500
58236428250
58354077600
59212518750
59310751500
59986657500
62203050000
62260036020
63530649000
63695923200
64052293536
66433720320
67179294000
67593281280
67676918400
67783716000
68556180000
68722268160
71173991070
71271827200
71530368000
72283760640
72501364320
72937519200
73789672320
74680744320
76274336880
77125702500
77924700000
78236817750
78355777500
81246084480
81564034860
81885216600
83555297280
83655936000
84418425000
84495763170
86034960000
86351265000
86472272250
86905647360
87613617000
88071903612
88884432000
91711442592
94898654760
95088913920
95342921100
95625391680
98472505950
98654037300
99003331350
99081112086
99277073280
99689375940
99956288250
100653604128
103118400000
103448378880
104315757000
104381747712
106339983750
107121960000
107562522486
108720775800
110425835520
110669832000
110886522600
112943376000
113146664400
115286887170
115296363000
115688553750
116472856500
118051274880
118425037500
118621503000
119523418560
119973315000
121610868750
122319288000
122972679648
124406100000
124520072040
125817005160
128691763200
129393964350
130369062096
134099750400
137438691328
142347982140
144656820000
145885194000
147239977500
148818600000
149425436160
153003540480
153715849560
153728484000
154251405000
156465878400
156473635500
156711555000
157556009520
157846459680
158405330160
160719693750
162489600000
164423395500
167105688750
168836850000
168991526340
172413964800
172645200000
172888934400
172944544500
173526312960
173969579520
175163788800
176722075530
178709362650
182343798000
183694492800
187739650560
188032301100
190581964300
190685842200
191087769600
196945011900
197130638250
197203840470
199378751880
199912576500
200286253440
200788224000
201307208256
206166804480
207030342960
207516396906
207587630250
209183040000
209626154496
209935293750
209953301250
212679967500
213521973210
214591104000
216913200000
226293328800
227094495264
230573774340
231377107500
231758392320
232945713000
233416310400
234710453250
236850075000
241379550720
241601724000
243221737500
244692104580
244972171626
246324078000
249494675850
252559518750
254122596000
255005900800
258787928700
260776464000
262840851000
266365900710
267775244100
269939958750
271309925250
272912640000
277385472000
283868119080
284695964280
284744889000
285872946450
285934980240
291939648000
294722064000
305822717718
305982360810
312947271000
321439387500
332009496000
334211377500
334622897280
337673700000
337983052680
343611340800
345889089000
345965950512
353444151060
354153824640
357418725300
370829067840
376591138560
379594619040
381371684400
381610396800
392639940000
393544919040
393890023800
394261276500
394407680940
396013325400
399191481360
399825153000
399909780480
403031236608
409698051840
415032793812
415175260500
417263028000
419870587500
419906602500
420598563840
425359935000
427043946420
428440390560
433970460000
437655582000
446292073500
448322784000
448602191730
454188990528
455891231250
457396714320
461147548680
461185452000
462262922310
462754215000
469420906500
473700150000
474486012000
475444569600
479893260000
485068270050
486443475000
487468800000
489944343252
493270186500
498080288160
498989351700
503336925000
505119037500
505901214000
511555524480
517241894400
517575857400
518666803200
532731801420
539879917500
542619850500
543603879000
547929930240
561422400000
569824368750
588764400000
593116592250
602364672000
608339531520
611645435436
611940634368
611964721620
612761861250
614913936000
617005620000
618500413440
622339536000
626846220000
627673052370
635358844848
641950896510
642723607680
642878775000
643773312000
650553845760
652512278880
665724847872
668422755000
668593926000
686152958400
694939512960
704575228896
706280816640
706888302120
714837450600
722993159070
724138652160
734916514878
747127180800
752903424000
755753574030
760893455322
762327857200
762743368800
769657405440
776109232080
778250450250
782329392000
787780047600
788522553000
788815361880
789232298400
792407616000
792648896688
796878264000
797515007520
799959888000
809819876250
810234600000
818737920000
830350521000
839741175000
839813205000
854087892840
857618839350
869847897600
869909040000
875818944000
880719036120
881537111040
897163438080
897204383460
908262149760
911782462500
924525844620
931782852000
938698252800
938841813000
945884459520
947400300000
970136540100
972886950000
997978703400
1010238075000
1015744266240
1016490384000
1017080064000
1030834022400
1035151714800
1045978053120
1050647598000
1055415449088
1057802996250
1058501001600
1062620790000
1065463602840
1068193351680
1071024783360
1079759835000
1080647568000
1085239701000
1100873592000
1119251474478
1138783857120
1139648737500
1141624673280
1143491785800
1159632322560
1169739821250
1177919820000
1180634757120
1186233184500
1206897753600
1214684190720
1223929443240
1225523722500
1244886988800
1245211968000
1249914939840
1251789084000
1255346104740
1280965413000
1283901793020
1285757550000
1314759600000
1315387164000
1330464844800
1331829503550
1338876220500
1344968352000
1345806575190
1350826306830
1351932210720
1358359901850
1372190142960
1377031864320
1383556356000
1387135569204
1398552322860
1404713933700
1409150457792
1429674901200
1445986318140
1447428787200
1452565820160
1469833029756
1472683962750
1479810559500
1496708371200
1504258408800
1505875314804
1511507148060
1521786910644
1523860800000
1541258313210
1556500900500
1560130863984
1575560095200
1584053301600
1599300612000
1619639752500
1629613276200
1643365337250
1657060244928
1669052112000
1679482350000
1689656855040
1701439740000
1703683999290
1718056704000
1719789926400
1744535506560
1767916631250
1779349776750
1794408766920
1807094016000
1823564925000
1827276796800
1844590194720
1844741808000
1849043986944
1849051689240
1851016860000
1867018608000
1883019157110
1889579711250
1906076534544
1921697758890
1940273080200
1943942830830
1945773900000
1952218800000
1957536836640
1960057262592
1981622241720
1992321152640
1995957406800
2001110625150
2014371845010
2016380096640
2020476150000
2033105289600
2054063531520
2070303429600
2088882432000
2112394079250
2115605992500
2130927205680
2142201952800
2151250449720
2173375842960
2198278051200
2199208200000
2218112138880
2219437584000
2267260722090
2279297475000
2297103558750
2339479642500
2346988176000
2372466369000
2377222848000
2382791502000
2385364101120
2390634792000
2394638400000
2451047445000
2456213760000
2510692209480
2567400675840
2567803586040
2571515100000
2572856518050
2581885575360
2595803474880
2627456832000
2634663776976
2636137969920
2653996800000
2663659007100
2673691020000
2680520865000
2691490314240
2691613150380
2701652613660
2716719803700
2739649651200
2741412938880
2746713837618
2760645888000
2808662929380
2827553208480
2853584984250
2859349802400
2859708458880
2867886362880
2871179561250
2882172179250
2891972636280
2933186256000
2945367925500
2988085464000
3023014296120
3038180887638
3061577046528
3069517440000
3082516626420
3092502067200
3113001801000
3122564476416
3138259488000
3154090212000
3155261447520
3201777000240
3204580055040
3239279505000
3286730674500
3320262350496
3321402084000
3327815202624
3358964700000
3359252820000
3367391139840
3392626265280
3407367998580
3416351571360
3430475357400
3492319532800
3504988032000
3519964676592
3535833262500
3541904271360
3558699553500
3570336588000
3599188024320
3614965795350
3620693260800
3647129850000
3659356471680
3677322871950
3686976876450
3727131408000
3734660966400
3735635904000
3755367252000
3766038314220
3779159422500
3796070590620
3842896239000
3843395517780
3848287027200
3880546160400
3887885661660
3919554746016
3938900238000
3946161492000
3953812564800
3991914813600
4002221250300
4016628661500
4028743690020
4034486776320
4034905056000
4036536504000
4040952300000
4083898384384
4094209566720
4116570428880
4150327938120
4160366300790
4224788158500
4231211985000
4261854411360
4262962704000
4264310400000
4319039340000
4324574381400
4338157824000
4340958804000
4373644802604
4387219200000
4418051888250
4418412328512
4454555783040
4493656275570
4506678570240
4511853596250
4534521444180
4558594950000
4573967143200
4594207117500
4609292688000
4660073935104
4661420400000
4661820240000
4668001228800
4678959285000
4685644192320
4729422297600
4771496039310
4825152791550
4840313511870
4893163483488
4895717772960
4899443432520
4930096011750
4943965716480
4959751305600
5007156336000
5052801600000
5068970565120
5111051997870
5154170112000
5223119475000
5229890265600
5298879600000
5324503692690
5327318014200
5338049330250
5355123916800
5383226300760
5403305227320
5407728842880
5433439607400
5534225424000
5566503720960
5601055824000
5649057471330
5668739133750
5707169968500
5742359122500
5764344358500
5783945272560
5784512469120
5793959808000
5860702370250
5883716595120
5890735851000
5899163002320
5914410203520
5958932568750
5967138078720
5989903594290
6003331875450
6031171946250
6074557632000
6116454354360
6165033252840
6165877331250
6302240380800
6305896396800
6308180424000
6356527349760
6467576934000
6477064186710
6573461349000
6578372828160
6659147517750
6732042670080
6801782166270
6814735997160
6837534258390
6926916648960
6992761614300
7046225115930
7071666525000
7082162161074
7096702977000
7117399107000
7131668544000
7148374506000
7171904376000
7177635067680
7203705600000
7229931590700
7292111400000
7294259700000
7321846371840
7354533186000
7354645743900
7368641280000
7373953752900
7396206756960
7438345530000
7497173483520
7532076628440
7551417649230
7558318845000
7623513665460
7653573328896
7686791035560
7720244466480
7725926635350
7745444957250
7761092320800
7775771323320
7882370496000
7933833999360
7941985560600
7961990400000
8004442500600
8057487380040
8074470942720
8188178748750
8272816272630
8290252152000
8320732601580
8448284275200
8449576317000
8459614800000
8502789335040
8716483776000
8766691128000
8836103776500
8987312551140
9023707192500
9069042888360
9117189900000
9140061665280
9141698396160
9188414235000
9338516250700
9341080663824
9414778464000
9489865476000
9513538944000
9542992078620
9563587110000
9605331000720
9613740165120
9639223050240
9650305583100
9662988183030
9716116410000
9804189780000
9838622976000
9860192023500
9908111208600
9932538994560
